Arreglo: [(1, 1), (1, 4), (4, 1), (4, 4)] 
ITERACIONES    PUNTOS                            COMBINACION ACTUAL        LONGITUD    INDICE INICIO    COMBINACIONES                                                                                             len(combinacionActual) == longitudDeseada    indiceInicio >= len(puntos)    PUNTO    Eliminar Ultimo
-------------  --------------------------------  ------------------------  ----------  ---------------  --------------------------------------------------------------------------------------------------------  -------------------------------------------  -----------------------------  -------  -----------------
0              [(1, 1), (1, 4), (4, 1), (4, 4)]  []                        3           0                []                                                                                                        False
                                                                                                                                                                                                                                                               False
                                                                                                                                                                                                                                                                                              (1, 1)
                                                 [(1, 1)]
1              [(1, 1), (1, 4), (4, 1), (4, 4)]  [(1, 1)]                  3           1                []                                                                                                        False
                                                                                                                                                                                                                                                               False
                                                                                                                                                                                                                                                                                              (1, 4)
                                                 [(1, 1), (1, 4)]
2              [(1, 1), (1, 4), (4, 1), (4, 4)]  [(1, 1), (1, 4)]          3           2                []                                                                                                        False
                                                                                                                                                                                                                                                               False
                                                                                                                                                                                                                                                                                              (4, 1)
                                                 [(1, 1), (1, 4), (4, 1)]
3              [(1, 1), (1, 4), (4, 1), (4, 4)]  [(1, 1), (1, 4), (4, 1)]  3           3                []                                                                                                        True
                                                                                                        [[(1, 1), (1, 4), (4, 1)]]
                                                                                                                                                                                                                                                                                                       True
                                                 [(1, 1), (1, 4)]
3              [(1, 1), (1, 4), (4, 1), (4, 4)]  [(1, 1), (1, 4)]          3           3                [[(1, 1), (1, 4), (4, 1)]]                                                                                False
                                                                                                                                                                                                                                                               False
                                                                                                                                                                                                                                                                                              (4, 4)
                                                 [(1, 1), (1, 4), (4, 4)]
4              [(1, 1), (1, 4), (4, 1), (4, 4)]  [(1, 1), (1, 4), (4, 4)]  3           4                [[(1, 1), (1, 4), (4, 1)]]                                                                                True
                                                                                                        [[(1, 1), (1, 4), (4, 1)], [(1, 1), (1, 4), (4, 4)]]
                                                                                                                                                                                                                                                                                                       True
                                                 [(1, 1), (1, 4)]
4              [(1, 1), (1, 4), (4, 1), (4, 4)]  [(1, 1), (1, 4)]          3           4                [[(1, 1), (1, 4), (4, 1)], [(1, 1), (1, 4), (4, 4)]]                                                      False
                                                                                                                                                                                                                                                               True
                                                                                                                                                                                                                                                                                                       True
                                                 [(1, 1)]
2              [(1, 1), (1, 4), (4, 1), (4, 4)]  [(1, 1)]                  3           2                [[(1, 1), (1, 4), (4, 1)], [(1, 1), (1, 4), (4, 4)]]                                                      False
                                                                                                                                                                                                                                                               False
                                                                                                                                                                                                                                                                                              (4, 1)
                                                 [(1, 1), (4, 1)]
3              [(1, 1), (1, 4), (4, 1), (4, 4)]  [(1, 1), (4, 1)]          3           3                [[(1, 1), (1, 4), (4, 1)], [(1, 1), (1, 4), (4, 4)]]                                                      False
                                                                                                                                                                                                                                                               False
                                                                                                                                                                                                                                                                                              (4, 4)
                                                 [(1, 1), (4, 1), (4, 4)]
4              [(1, 1), (1, 4), (4, 1), (4, 4)]  [(1, 1), (4, 1), (4, 4)]  3           4                [[(1, 1), (1, 4), (4, 1)], [(1, 1), (1, 4), (4, 4)]]                                                      True
                                                                                                        [[(1, 1), (1, 4), (4, 1)], [(1, 1), (1, 4), (4, 4)], [(1, 1), (4, 1), (4, 4)]]
                                                                                                                                                                                                                                                                                                       True
                                                 [(1, 1), (4, 1)]
4              [(1, 1), (1, 4), (4, 1), (4, 4)]  [(1, 1), (4, 1)]          3           4                [[(1, 1), (1, 4), (4, 1)], [(1, 1), (1, 4), (4, 4)], [(1, 1), (4, 1), (4, 4)]]                            False
                                                                                                                                                                                                                                                               True
                                                                                                                                                                                                                                                                                                       True
                                                 [(1, 1)]
3              [(1, 1), (1, 4), (4, 1), (4, 4)]  [(1, 1)]                  3           3                [[(1, 1), (1, 4), (4, 1)], [(1, 1), (1, 4), (4, 4)], [(1, 1), (4, 1), (4, 4)]]                            False
                                                                                                                                                                                                                                                               False
                                                                                                                                                                                                                                                                                              (4, 4)
                                                 [(1, 1), (4, 4)]
4              [(1, 1), (1, 4), (4, 1), (4, 4)]  [(1, 1), (4, 4)]          3           4                [[(1, 1), (1, 4), (4, 1)], [(1, 1), (1, 4), (4, 4)], [(1, 1), (4, 1), (4, 4)]]                            False
                                                                                                                                                                                                                                                               True
                                                                                                                                                                                                                                                                                                       True
                                                 [(1, 1)]
4              [(1, 1), (1, 4), (4, 1), (4, 4)]  [(1, 1)]                  3           4                [[(1, 1), (1, 4), (4, 1)], [(1, 1), (1, 4), (4, 4)], [(1, 1), (4, 1), (4, 4)]]                            False
                                                                                                                                                                                                                                                               True
                                                                                                                                                                                                                                                                                                       True
                                                 []
1              [(1, 1), (1, 4), (4, 1), (4, 4)]  []                        3           1                [[(1, 1), (1, 4), (4, 1)], [(1, 1), (1, 4), (4, 4)], [(1, 1), (4, 1), (4, 4)]]                            False
                                                                                                                                                                                                                                                               False
                                                                                                                                                                                                                                                                                              (1, 4)
                                                 [(1, 4)]
2              [(1, 1), (1, 4), (4, 1), (4, 4)]  [(1, 4)]                  3           2                [[(1, 1), (1, 4), (4, 1)], [(1, 1), (1, 4), (4, 4)], [(1, 1), (4, 1), (4, 4)]]                            False
                                                                                                                                                                                                                                                               False
                                                                                                                                                                                                                                                                                              (4, 1)
                                                 [(1, 4), (4, 1)]
3              [(1, 1), (1, 4), (4, 1), (4, 4)]  [(1, 4), (4, 1)]          3           3                [[(1, 1), (1, 4), (4, 1)], [(1, 1), (1, 4), (4, 4)], [(1, 1), (4, 1), (4, 4)]]                            False
                                                                                                                                                                                                                                                               False
                                                                                                                                                                                                                                                                                              (4, 4)
                                                 [(1, 4), (4, 1), (4, 4)]
4              [(1, 1), (1, 4), (4, 1), (4, 4)]  [(1, 4), (4, 1), (4, 4)]  3           4                [[(1, 1), (1, 4), (4, 1)], [(1, 1), (1, 4), (4, 4)], [(1, 1), (4, 1), (4, 4)]]                            True
                                                                                                        [[(1, 1), (1, 4), (4, 1)], [(1, 1), (1, 4), (4, 4)], [(1, 1), (4, 1), (4, 4)], [(1, 4), (4, 1), (4, 4)]]
                                                                                                                                                                                                                                                                                                       True
                                                 [(1, 4), (4, 1)]
4              [(1, 1), (1, 4), (4, 1), (4, 4)]  [(1, 4), (4, 1)]          3           4                [[(1, 1), (1, 4), (4, 1)], [(1, 1), (1, 4), (4, 4)], [(1, 1), (4, 1), (4, 4)], [(1, 4), (4, 1), (4, 4)]]  False
                                                                                                                                                                                                                                                               True
                                                                                                                                                                                                                                                                                                       True
                                                 [(1, 4)]
3              [(1, 1), (1, 4), (4, 1), (4, 4)]  [(1, 4)]                  3           3                [[(1, 1), (1, 4), (4, 1)], [(1, 1), (1, 4), (4, 4)], [(1, 1), (4, 1), (4, 4)], [(1, 4), (4, 1), (4, 4)]]  False
                                                                                                                                                                                                                                                               False
                                                                                                                                                                                                                                                                                              (4, 4)
                                                 [(1, 4), (4, 4)]
4              [(1, 1), (1, 4), (4, 1), (4, 4)]  [(1, 4), (4, 4)]          3           4                [[(1, 1), (1, 4), (4, 1)], [(1, 1), (1, 4), (4, 4)], [(1, 1), (4, 1), (4, 4)], [(1, 4), (4, 1), (4, 4)]]  False
                                                                                                                                                                                                                                                               True
                                                                                                                                                                                                                                                                                                       True
                                                 [(1, 4)]
4              [(1, 1), (1, 4), (4, 1), (4, 4)]  [(1, 4)]                  3           4                [[(1, 1), (1, 4), (4, 1)], [(1, 1), (1, 4), (4, 4)], [(1, 1), (4, 1), (4, 4)], [(1, 4), (4, 1), (4, 4)]]  False
                                                                                                                                                                                                                                                               True
                                                                                                                                                                                                                                                                                                       True
                                                 []
2              [(1, 1), (1, 4), (4, 1), (4, 4)]  []                        3           2                [[(1, 1), (1, 4), (4, 1)], [(1, 1), (1, 4), (4, 4)], [(1, 1), (4, 1), (4, 4)], [(1, 4), (4, 1), (4, 4)]]  False
                                                                                                                                                                                                                                                               False
                                                                                                                                                                                                                                                                                              (4, 1)
                                                 [(4, 1)]
3              [(1, 1), (1, 4), (4, 1), (4, 4)]  [(4, 1)]                  3           3                [[(1, 1), (1, 4), (4, 1)], [(1, 1), (1, 4), (4, 4)], [(1, 1), (4, 1), (4, 4)], [(1, 4), (4, 1), (4, 4)]]  False
                                                                                                                                                                                                                                                               False
                                                                                                                                                                                                                                                                                              (4, 4)
                                                 [(4, 1), (4, 4)]
4              [(1, 1), (1, 4), (4, 1), (4, 4)]  [(4, 1), (4, 4)]          3           4                [[(1, 1), (1, 4), (4, 1)], [(1, 1), (1, 4), (4, 4)], [(1, 1), (4, 1), (4, 4)], [(1, 4), (4, 1), (4, 4)]]  False
                                                                                                                                                                                                                                                               True
                                                                                                                                                                                                                                                                                                       True
                                                 [(4, 1)]
4              [(1, 1), (1, 4), (4, 1), (4, 4)]  [(4, 1)]                  3           4                [[(1, 1), (1, 4), (4, 1)], [(1, 1), (1, 4), (4, 4)], [(1, 1), (4, 1), (4, 4)], [(1, 4), (4, 1), (4, 4)]]  False
                                                                                                                                                                                                                                                               True
                                                                                                                                                                                                                                                                                                       True
                                                 []
3              [(1, 1), (1, 4), (4, 1), (4, 4)]  []                        3           3                [[(1, 1), (1, 4), (4, 1)], [(1, 1), (1, 4), (4, 4)], [(1, 1), (4, 1), (4, 4)], [(1, 4), (4, 1), (4, 4)]]  False
                                                                                                                                                                                                                                                               False
                                                                                                                                                                                                                                                                                              (4, 4)
                                                 [(4, 4)]
4              [(1, 1), (1, 4), (4, 1), (4, 4)]  [(4, 4)]                  3           4                [[(1, 1), (1, 4), (4, 1)], [(1, 1), (1, 4), (4, 4)], [(1, 1), (4, 1), (4, 4)], [(1, 4), (4, 1), (4, 4)]]  False
                                                                                                                                                                                                                                                               True
                                                                                                                                                                                                                                                                                                       True
                                                 []
4              [(1, 1), (1, 4), (4, 1), (4, 4)]  []                        3           4                [[(1, 1), (1, 4), (4, 1)], [(1, 1), (1, 4), (4, 4)], [(1, 1), (4, 1), (4, 4)], [(1, 4), (4, 1), (4, 4)]]  False
                                                                                                                                                                                                                                                               True
Resultado: [[(1, 1), (1, 4), (4, 1)], [(1, 1), (1, 4), (4, 4)], [(1, 1), (4, 1), (4, 4)], [(1, 4), (4, 1), (4, 4)]]