Arreglo: [[(1, 1), (1, 5), (5, 1), (1, -2), (5, -2)], [(1, 1), (1, 2), (2, 1), (2, 2)], [(2, 1), (1, 2), (2, 3), (3, 2)], [(1, 2), (2, 4)], [(3, 20), (14, 9), (4, 5), (3, 2), (15, 2), (24, -5), (7, -5), (-4, -5), (7, -24)]] 
LISTAS                                                                                                                                                                                                                  LISTAS VALIDAS                                                                                                                                                                                                          I    i >= len(arrayListas)    LISTA                                                                               len(lista) >= 3
----------------------------------------------------------------------------------------------------------------------------------------------------------------------------------------------------------------------  ----------------------------------------------------------------------------------------------------------------------------------------------------------------------------------------------------------------------  ---  -----------------------  ----------------------------------------------------------------------------------  -----------------
[[(1, 1), (1, 5), (5, 1), (1, -2), (5, -2)], [(1, 1), (1, 2), (2, 1), (2, 2)], [(2, 1), (1, 2), (2, 3), (3, 2)], [(1, 2), (2, 4)], [(3, 20), (14, 9), (4, 5), (3, 2), (15, 2), (24, -5), (7, -5), (-4, -5), (7, -24)]]  []                                                                                                                                                                                                                      0    False
                                                                                                                                                                                                                                                                                                                                                                                                                                                                              [(1, 1), (1, 5), (5, 1), (1, -2), (5, -2)]
                                                                                                                                                                                                                                                                                                                                                                                                                                                                                                                                                                  True
                                                                                                                                                                                                                        [[(1, 1), (1, 5), (5, 1), (1, -2), (5, -2)]]
[[(1, 1), (1, 5), (5, 1), (1, -2), (5, -2)], [(1, 1), (1, 2), (2, 1), (2, 2)], [(2, 1), (1, 2), (2, 3), (3, 2)], [(1, 2), (2, 4)], [(3, 20), (14, 9), (4, 5), (3, 2), (15, 2), (24, -5), (7, -5), (-4, -5), (7, -24)]]  [[(1, 1), (1, 5), (5, 1), (1, -2), (5, -2)]]                                                                                                                                                                            1    False
                                                                                                                                                                                                                                                                                                                                                                                                                                                                              [(1, 1), (1, 2), (2, 1), (2, 2)]
                                                                                                                                                                                                                                                                                                                                                                                                                                                                                                                                                                  True
                                                                                                                                                                                                                        [[(1, 1), (1, 5), (5, 1), (1, -2), (5, -2)], [(1, 1), (1, 2), (2, 1), (2, 2)]]
[[(1, 1), (1, 5), (5, 1), (1, -2), (5, -2)], [(1, 1), (1, 2), (2, 1), (2, 2)], [(2, 1), (1, 2), (2, 3), (3, 2)], [(1, 2), (2, 4)], [(3, 20), (14, 9), (4, 5), (3, 2), (15, 2), (24, -5), (7, -5), (-4, -5), (7, -24)]]  [[(1, 1), (1, 5), (5, 1), (1, -2), (5, -2)], [(1, 1), (1, 2), (2, 1), (2, 2)]]                                                                                                                                          2    False
                                                                                                                                                                                                                                                                                                                                                                                                                                                                              [(2, 1), (1, 2), (2, 3), (3, 2)]
                                                                                                                                                                                                                                                                                                                                                                                                                                                                                                                                                                  True
                                                                                                                                                                                                                        [[(1, 1), (1, 5), (5, 1), (1, -2), (5, -2)], [(1, 1), (1, 2), (2, 1), (2, 2)], [(2, 1), (1, 2), (2, 3), (3, 2)]]
[[(1, 1), (1, 5), (5, 1), (1, -2), (5, -2)], [(1, 1), (1, 2), (2, 1), (2, 2)], [(2, 1), (1, 2), (2, 3), (3, 2)], [(1, 2), (2, 4)], [(3, 20), (14, 9), (4, 5), (3, 2), (15, 2), (24, -5), (7, -5), (-4, -5), (7, -24)]]  [[(1, 1), (1, 5), (5, 1), (1, -2), (5, -2)], [(1, 1), (1, 2), (2, 1), (2, 2)], [(2, 1), (1, 2), (2, 3), (3, 2)]]                                                                                                        3    False
                                                                                                                                                                                                                                                                                                                                                                                                                                                                              [(1, 2), (2, 4)]
                                                                                                                                                                                                                                                                                                                                                                                                                                                                                                                                                                  False
                                                                                                                                                                                                                                                                                                                                                                                                                                                                              [(1, 2), (2, 4)]
[[(1, 1), (1, 5), (5, 1), (1, -2), (5, -2)], [(1, 1), (1, 2), (2, 1), (2, 2)], [(2, 1), (1, 2), (2, 3), (3, 2)], [(1, 2), (2, 4)], [(3, 20), (14, 9), (4, 5), (3, 2), (15, 2), (24, -5), (7, -5), (-4, -5), (7, -24)]]  [[(1, 1), (1, 5), (5, 1), (1, -2), (5, -2)], [(1, 1), (1, 2), (2, 1), (2, 2)], [(2, 1), (1, 2), (2, 3), (3, 2)], [(1, 2), (2, 4)]]                                                                                      4    False
                                                                                                                                                                                                                                                                                                                                                                                                                                                                              [(3, 20), (14, 9), (4, 5), (3, 2), (15, 2), (24, -5), (7, -5), (-4, -5), (7, -24)]
                                                                                                                                                                                                                                                                                                                                                                                                                                                                                                                                                                  True
                                                                                                                                                                                                                        [[(1, 1), (1, 5), (5, 1), (1, -2), (5, -2)], [(1, 1), (1, 2), (2, 1), (2, 2)], [(2, 1), (1, 2), (2, 3), (3, 2)], [(1, 2), (2, 4)], [(3, 20), (14, 9), (4, 5), (3, 2), (15, 2), (24, -5), (7, -5), (-4, -5), (7, -24)]]
[[(1, 1), (1, 5), (5, 1), (1, -2), (5, -2)], [(1, 1), (1, 2), (2, 1), (2, 2)], [(2, 1), (1, 2), (2, 3), (3, 2)], [(1, 2), (2, 4)], [(3, 20), (14, 9), (4, 5), (3, 2), (15, 2), (24, -5), (7, -5), (-4, -5), (7, -24)]]  [[(1, 1), (1, 5), (5, 1), (1, -2), (5, -2)], [(1, 1), (1, 2), (2, 1), (2, 2)], [(2, 1), (1, 2), (2, 3), (3, 2)], [(1, 2), (2, 4)], [(3, 20), (14, 9), (4, 5), (3, 2), (15, 2), (24, -5), (7, -5), (-4, -5), (7, -24)]]  5    True
                                                                                                                                                                                                                        [[(1, 1), (1, 5), (5, 1), (1, -2), (5, -2)], [(1, 1), (1, 2), (2, 1), (2, 2)], [(2, 1), (1, 2), (2, 3), (3, 2)], [(1, 2), (2, 4)], [(3, 20), (14, 9), (4, 5), (3, 2), (15, 2), (24, -5), (7, -5), (-4, -5), (7, -24)]]
Resultado: [[(1, 1), (1, 5), (5, 1), (1, -2), (5, -2)], [(1, 1), (1, 2), (2, 1), (2, 2)], [(2, 1), (1, 2), (2, 3), (3, 2)], [(1, 2), (2, 4)], [(3, 20), (14, 9), (4, 5), (3, 2), (15, 2), (24, -5), (7, -5), (-4, -5), (7, -24)]]