Arreglo: [(1, 1), (1, 4), (4, 1), (4, 4)] 
ITERACIONES    LISTA                     NUEVA lISTA       i == len(lista) - 1    LISTA[i]
-------------  ------------------------  ----------------  ---------------------  ----------
0              [(1, 1), (1, 4), (4, 1)]  []
                                                           False
                                                                                  (1, 1)
1              [(1, 1), (1, 4), (4, 1)]  [(1, 1)]
                                                           False
                                                                                  (1, 4)
2              [(1, 1), (1, 4), (4, 1)]  [(1, 1), (1, 4)]
                                                           True
               [(1, 1), (1, 4)]
0              [(1, 1), (1, 4), (4, 4)]  []
                                                           False
                                                                                  (1, 1)
1              [(1, 1), (1, 4), (4, 4)]  [(1, 1)]
                                                           False
                                                                                  (1, 4)
2              [(1, 1), (1, 4), (4, 4)]  [(1, 1), (1, 4)]
                                                           True
               [(1, 1), (1, 4)]
0              [(1, 1), (1, 4)]          []
                                                           False
                                                                                  (1, 1)
1              [(1, 1), (1, 4)]          [(1, 1)]
                                                           True
               [(1, 1)]
0              [(1, 1), (4, 1), (4, 4)]  []
                                                           False
                                                                                  (1, 1)
1              [(1, 1), (4, 1), (4, 4)]  [(1, 1)]
                                                           False
                                                                                  (4, 1)
2              [(1, 1), (4, 1), (4, 4)]  [(1, 1), (4, 1)]
                                                           True
               [(1, 1), (4, 1)]
0              [(1, 1), (4, 1)]          []
                                                           False
                                                                                  (1, 1)
1              [(1, 1), (4, 1)]          [(1, 1)]
                                                           True
               [(1, 1)]
0              [(1, 1), (4, 4)]          []
                                                           False
                                                                                  (1, 1)
1              [(1, 1), (4, 4)]          [(1, 1)]
                                                           True
               [(1, 1)]
0              [(1, 1)]                  []
                                                           True
               []
0              [(1, 4), (4, 1), (4, 4)]  []
                                                           False
                                                                                  (1, 4)
1              [(1, 4), (4, 1), (4, 4)]  [(1, 4)]
                                                           False
                                                                                  (4, 1)
2              [(1, 4), (4, 1), (4, 4)]  [(1, 4), (4, 1)]
                                                           True
               [(1, 4), (4, 1)]
0              [(1, 4), (4, 1)]          []
                                                           False
                                                                                  (1, 4)
1              [(1, 4), (4, 1)]          [(1, 4)]
                                                           True
               [(1, 4)]
0              [(1, 4), (4, 4)]          []
                                                           False
                                                                                  (1, 4)
1              [(1, 4), (4, 4)]          [(1, 4)]
                                                           True
               [(1, 4)]
0              [(1, 4)]                  []
                                                           True
               []
0              [(4, 1), (4, 4)]          []
                                                           False
                                                                                  (4, 1)
1              [(4, 1), (4, 4)]          [(4, 1)]
                                                           True
               [(4, 1)]
0              [(4, 1)]                  []
                                                           True
               []
0              [(4, 4)]                  []
                                                           True
               []
Resultado: [[(1, 1), (1, 4), (4, 1)], [(1, 1), (1, 4), (4, 4)], [(1, 1), (4, 1), (4, 4)], [(1, 4), (4, 1), (4, 4)]]